{
  "domain": "movies",
  "choice_context": "Which movie would you rather watch right now?",
  "num_trials_per_participant": 30,
  "top_k_sliders": 5,
  "conditions": {
    "choice_only": {
      "label": "Choice Only",
      "description": "Binary choice, no dimension information shown.",
      "show_sliders": false,
      "sliders_adjustable": false,
      "show_checkboxes": false
    },
    "choice_readonly_sliders": {
      "label": "Choice + Read-Only Sliders",
      "description": "Binary choice with top-5 dimension scores shown (not adjustable).",
      "show_sliders": true,
      "sliders_adjustable": false,
      "show_checkboxes": false
    },
    "choice_adjustable_sliders": {
      "label": "Choice + Adjustable Sliders",
      "description": "Binary choice with top-5 adjustable dimension sliders that co-move.",
      "show_sliders": true,
      "sliders_adjustable": true,
      "show_checkboxes": false
    },
    "choice_checkboxes": {
      "label": "Choice + Relevance Checkboxes",
      "description": "Binary choice with top-5 dimensions shown as checkboxes.",
      "show_sliders": false,
      "sliders_adjustable": false,
      "show_checkboxes": true,
      "show_inferences": false
    },
    "inference_affirm": {
      "label": "Inferences: Affirm / Remove",
      "description": "Affirm or remove model inferences about your preferences.",
      "show_sliders": false,
      "sliders_adjustable": false,
      "show_checkboxes": false,
      "show_inferences": "affirm"
    },
    "inference_categories": {
      "label": "Inferences: Category Selection",
      "description": "Adjust the category for each inference about your preferences.",
      "show_sliders": false,
      "sliders_adjustable": false,
      "show_checkboxes": false,
      "show_inferences": "categories"
    }
  },
  "default_condition": "inference_categories",
  "slider_range": [
    -100,
    100
  ],
  "dimensions": [
    {
      "id": "dim_1",
      "dimension_id": 1,
      "name": "Emotional Depth",
      "low_label": "Emotionally Neutral",
      "high_label": "Highly Emotional",
      "scoring_guidance": "Rate based on presence of complex emotional character arcs and thematic depth"
    },
    {
      "id": "dim_2",
      "dimension_id": 2,
      "name": "Action Intensity",
      "low_label": "Low Action",
      "high_label": "High-Intensity Action",
      "scoring_guidance": "Rate based on frequency and kinetic energy of action sequences"
    },
    {
      "id": "dim_3",
      "dimension_id": 3,
      "name": "Humor Intensity",
      "low_label": "Not Humorous",
      "high_label": "Very Humorous",
      "scoring_guidance": "Rate based on presence and prominence of comedic elements"
    },
    {
      "id": "dim_4",
      "dimension_id": 4,
      "name": "Historical Authenticity",
      "low_label": "Modernized",
      "high_label": "Highly Authentic",
      "scoring_guidance": "Rate based on period detail accuracy and commitment"
    },
    {
      "id": "dim_5",
      "dimension_id": 5,
      "name": "Moral Complexity",
      "low_label": "Clear Morality",
      "high_label": "Ambiguous Morality",
      "scoring_guidance": "Rate based on presence of ethical ambiguity in characters/story"
    },
    {
      "id": "dim_6",
      "dimension_id": 6,
      "name": "Suspense/Atmosphere",
      "low_label": "Low Tension",
      "high_label": "Highly Suspenseful",
      "scoring_guidance": "Rate based on sustained tension and atmospheric quality"
    },
    {
      "id": "dim_7",
      "dimension_id": 7,
      "name": "Family Focus",
      "low_label": "Non-Family",
      "high_label": "Strong Family Focus",
      "scoring_guidance": "Rate based on prominence of family relationships"
    },
    {
      "id": "dim_8",
      "dimension_id": 8,
      "name": "Sci-Fi/Fantasy Worldbuilding",
      "low_label": "Minimal Worldbuilding",
      "high_label": "Rich Worldbuilding",
      "scoring_guidance": "Rate based on depth of speculative world construction"
    },
    {
      "id": "dim_9",
      "dimension_id": 9,
      "name": "Political Intrigue",
      "low_label": "Low Stakes",
      "high_label": "High Stakes Politics",
      "scoring_guidance": "Rate based on prominence of political power dynamics"
    },
    {
      "id": "dim_10",
      "dimension_id": 10,
      "name": "Satirical Edge",
      "low_label": "Straightforward",
      "high_label": "Highly Satirical",
      "scoring_guidance": "Rate based on presence of ironic or critical commentary"
    },
    {
      "id": "dim_11",
      "dimension_id": 11,
      "name": "Survival/Stress Scenarios",
      "low_label": "Low Stress",
      "high_label": "High-Stress Survival",
      "scoring_guidance": "Rate based on prominence of survival challenges"
    },
    {
      "id": "dim_12",
      "dimension_id": 12,
      "name": "Visual Spectacle",
      "low_label": "Minimal Visuals",
      "high_label": "High Visual Impact",
      "scoring_guidance": "Rate based on visual creativity and technical execution"
    },
    {
      "id": "dim_13",
      "dimension_id": 13,
      "name": "Coming-of-Age Focus",
      "low_label": "Non-Coming-of-Age",
      "high_label": "Strong Coming-of-Age",
      "scoring_guidance": "Rate based on prominence of personal growth narratives"
    },
    {
      "id": "dim_14",
      "dimension_id": 14,
      "name": "Nostalgic Aesthetics",
      "low_label": "Modernized",
      "high_label": "Highly Nostalgic",
      "scoring_guidance": "Rate based on presence of retro visual/textual elements"
    },
    {
      "id": "dim_15",
      "dimension_id": 15,
      "name": "Ensemble Cast Dynamics",
      "low_label": "Singular Focus",
      "high_label": "Strong Ensemble",
      "scoring_guidance": "Rate based on prominence of group dynamics"
    },
    {
      "id": "dim_16",
      "dimension_id": 16,
      "name": "Social Justice Themes",
      "low_label": "Neutral Stance",
      "high_label": "Strong Social Justice",
      "scoring_guidance": "Rate based on prominence of social justice narratives"
    },
    {
      "id": "dim_17",
      "dimension_id": 17,
      "name": "Cultural Authenticity",
      "low_label": "Generic Setting",
      "high_label": "High Cultural Specificity",
      "scoring_guidance": "Rate based on cultural specificity and authenticity"
    },
    {
      "id": "dim_18",
      "dimension_id": 18,
      "name": "Psychological Depth",
      "low_label": "Surface-Level",
      "high_label": "High Psychological Depth",
      "scoring_guidance": "Rate based on exploration of mental states and trauma"
    },
    {
      "id": "dim_19",
      "dimension_id": 19,
      "name": "Adventure Scope",
      "low_label": "Local Scope",
      "high_label": "Grand Adventure",
      "scoring_guidance": "Rate based on scale of exploration and journey elements"
    },
    {
      "id": "dim_20",
      "dimension_id": 20,
      "name": "Musical Integration",
      "low_label": "Minimal Music",
      "high_label": "Strong Musical Elements",
      "scoring_guidance": "Rate based on prominence of musical elements"
    },
    {
      "id": "dim_21",
      "dimension_id": 21,
      "name": "Time-Loop Mechanics",
      "low_label": "Linear Narrative",
      "high_label": "Time-Loop Structure",
      "scoring_guidance": "Rate based on presence of temporal constraints"
    },
    {
      "id": "dim_22",
      "dimension_id": 22,
      "name": "Romantic Subplots",
      "low_label": "No Romance",
      "high_label": "Strong Romantic Elements",
      "scoring_guidance": "Rate based on prominence of romantic relationships"
    },
    {
      "id": "dim_23",
      "dimension_id": 23,
      "name": "Underdog Arcs",
      "low_label": "Established Power",
      "high_label": "Strong Underdog Focus",
      "scoring_guidance": "Rate based on prominence of underdog/rebellion themes"
    },
    {
      "id": "dim_24",
      "dimension_id": 24,
      "name": "War/Military Focus",
      "low_label": "Non-War Context",
      "high_label": "Strong War Focus",
      "scoring_guidance": "Rate based on prominence of war/military themes"
    },
    {
      "id": "dim_25",
      "dimension_id": 25,
      "name": "Family-Friendly Content",
      "low_label": "Adult-Oriented",
      "high_label": "Strong Family-Friendly",
      "scoring_guidance": "Rate based on explicit family-friendly design"
    }
  ],
  "gram_matrix": [
    [
      1.0,
      -0.287285,
      -0.260294,
      0.295943,
      0.38024,
      -0.090283,
      0.363694,
      0.019666,
      0.013003,
      -0.008714,
      -0.221957,
      -0.0935,
      0.378986,
      -0.064402,
      0.144835,
      0.192035,
      0.367417,
      0.813973,
      -0.05024,
      0.171802,
      -0.027116,
      0.210688,
      0.140737,
      0.00514,
      -0.200672
    ],
    [
      -0.287285,
      1.0,
      -0.071061,
      -0.019358,
      -0.287212,
      0.141426,
      -0.092866,
      0.070469,
      -0.114218,
      -0.094897,
      0.559018,
      0.456593,
      -0.127852,
      0.076539,
      0.084573,
      -0.204828,
      -0.072171,
      -0.293999,
      0.27917,
      -0.043739,
      0.118339,
      -0.181673,
      0.043749,
      0.253778,
      0.042536
    ],
    [
      -0.260294,
      -0.071061,
      1.0,
      -0.096968,
      -0.134917,
      -0.358195,
      -0.037143,
      -0.088465,
      -0.121072,
      0.427631,
      -0.260676,
      -0.08749,
      0.024493,
      0.073775,
      -0.003197,
      -0.072465,
      -0.127606,
      -0.173634,
      -0.040178,
      -0.000475,
      -0.127143,
      -0.052555,
      -0.070319,
      -0.070565,
      0.27226
    ],
    [
      0.295943,
      -0.019358,
      -0.096968,
      1.0,
      0.190577,
      0.088716,
      0.042183,
      -0.183513,
      0.114247,
      -0.04268,
      0.034428,
      -0.021516,
      -0.04026,
      0.169335,
      0.028078,
      0.181532,
      0.39306,
      0.270573,
      -0.031078,
      0.050637,
      -0.134743,
      -0.110304,
      0.137489,
      0.244265,
      -0.08355
    ],
    [
      0.38024,
      -0.287212,
      -0.134917,
      0.190577,
      1.0,
      0.134976,
      -0.009072,
      0.135717,
      0.253906,
      0.13546,
      -0.255825,
      -0.127334,
      0.10827,
      0.05727,
      0.053481,
      0.310713,
      0.236934,
      0.475529,
      -0.069599,
      0.18216,
      -0.14206,
      0.183989,
      0.079284,
      0.181978,
      -0.17684
    ],
    [
      -0.090283,
      0.141426,
      -0.358195,
      0.088716,
      0.134976,
      1.0,
      -0.036821,
      0.147333,
      0.233819,
      -0.142986,
      0.523919,
      0.01553,
      -0.176804,
      -0.123572,
      -0.010187,
      0.014325,
      0.094326,
      0.10274,
      -0.067222,
      -0.106449,
      -0.004454,
      -0.16521,
      0.054697,
      0.175743,
      -0.31363
    ],
    [
      0.363694,
      -0.092866,
      -0.037143,
      0.042183,
      -0.009072,
      -0.036821,
      1.0,
      0.041098,
      0.111337,
      -0.120162,
      0.03068,
      -0.022675,
      0.048951,
      -0.088835,
      0.164234,
      -0.030589,
      0.043066,
      0.23929,
      -0.017929,
      -0.037456,
      -0.02185,
      -0.027271,
      -0.04543,
      -0.00913,
      0.173811
    ],
    [
      0.019666,
      0.070469,
      -0.088465,
      -0.183513,
      0.135717,
      0.147333,
      0.041098,
      1.0,
      0.256856,
      -0.019309,
      0.104389,
      0.404085,
      0.1237,
      -0.091029,
      0.185641,
      0.080051,
      -0.023605,
      0.040294,
      0.456539,
      0.104416,
      0.071431,
      -0.010793,
      0.218533,
      0.184991,
      0.110506
    ],
    [
      0.013003,
      -0.114218,
      -0.121072,
      0.114247,
      0.253906,
      0.233819,
      0.111337,
      0.256856,
      1.0,
      -0.047211,
      0.049937,
      -0.120189,
      -0.055483,
      0.001948,
      0.09096,
      0.300771,
      0.197656,
      0.01408,
      0.032257,
      0.034329,
      -0.145492,
      -0.113772,
      0.138006,
      0.368749,
      -0.050965
    ],
    [
      -0.008714,
      -0.094897,
      0.427631,
      -0.04268,
      0.13546,
      -0.142986,
      -0.120162,
      -0.019309,
      -0.047211,
      1.0,
      -0.073553,
      -0.008982,
      -0.048189,
      0.052179,
      -0.026373,
      0.151233,
      -0.040131,
      -0.017145,
      -0.049284,
      0.063827,
      -0.081346,
      0.026755,
      0.087002,
      -0.148863,
      -0.20129
    ],
    [
      -0.221957,
      0.559018,
      -0.260676,
      0.034428,
      -0.255825,
      0.523919,
      0.03068,
      0.104389,
      0.049937,
      -0.073553,
      1.0,
      0.19546,
      -0.146241,
      -0.101759,
      0.040989,
      -0.139787,
      -0.076661,
      -0.23969,
      0.107706,
      -0.111332,
      0.167287,
      -0.167182,
      0.153903,
      0.274521,
      -0.111169
    ],
    [
      -0.0935,
      0.456593,
      -0.08749,
      -0.021516,
      -0.127334,
      0.01553,
      -0.022675,
      0.404085,
      -0.120189,
      -0.008982,
      0.19546,
      1.0,
      -0.04784,
      0.047577,
      -0.050154,
      -0.171797,
      -0.128433,
      -0.130591,
      0.469675,
      -0.053929,
      0.016009,
      -0.085983,
      -0.020836,
      0.168546,
      0.217772
    ],
    [
      0.378986,
      -0.127852,
      0.024493,
      -0.04026,
      0.10827,
      -0.176804,
      0.048951,
      0.1237,
      -0.055483,
      -0.048189,
      -0.146241,
      -0.04784,
      1.0,
      0.06064,
      0.19627,
      0.26635,
      0.144679,
      0.324063,
      0.01324,
      0.279839,
      -0.077435,
      0.150127,
      0.378386,
      -0.043673,
      0.121463
    ],
    [
      -0.064402,
      0.076539,
      0.073775,
      0.169335,
      0.05727,
      -0.123572,
      -0.088835,
      -0.091029,
      0.001948,
      0.052179,
      -0.101759,
      0.047577,
      0.06064,
      1.0,
      0.162725,
      -0.059915,
      0.054336,
      -0.089688,
      -0.083955,
      0.13127,
      -0.038182,
      -0.16002,
      0.005197,
      -0.01668,
      0.101743
    ],
    [
      0.144835,
      0.084573,
      -0.003197,
      0.028078,
      0.053481,
      -0.010187,
      0.164234,
      0.185641,
      0.09096,
      -0.026373,
      0.040989,
      -0.050154,
      0.19627,
      0.162725,
      1.0,
      0.046069,
      0.143987,
      0.019371,
      0.074739,
      0.290522,
      -0.103794,
      0.065065,
      0.314111,
      0.028799,
      0.188086
    ],
    [
      0.192035,
      -0.204828,
      -0.072465,
      0.181532,
      0.310713,
      0.014325,
      -0.030589,
      0.080051,
      0.300771,
      0.151233,
      -0.139787,
      -0.171797,
      0.26635,
      -0.059915,
      0.046069,
      1.0,
      0.367749,
      0.222776,
      0.023681,
      0.145888,
      -0.060501,
      0.021323,
      0.354264,
      0.114848,
      -0.089595
    ],
    [
      0.367417,
      -0.072171,
      -0.127606,
      0.39306,
      0.236934,
      0.094326,
      0.043066,
      -0.023605,
      0.197656,
      -0.040131,
      -0.076661,
      -0.128433,
      0.144679,
      0.054336,
      0.143987,
      0.367749,
      1.0,
      0.24925,
      0.058705,
      0.152257,
      -0.07023,
      0.010029,
      0.243158,
      0.242055,
      -0.071099
    ],
    [
      0.813973,
      -0.293999,
      -0.173634,
      0.270573,
      0.475529,
      0.10274,
      0.23929,
      0.040294,
      0.01408,
      -0.017145,
      -0.23969,
      -0.130591,
      0.324063,
      -0.089688,
      0.019371,
      0.222776,
      0.24925,
      1.0,
      0.011884,
      0.134019,
      -0.067174,
      0.163613,
      0.11361,
      0.012167,
      -0.24868
    ],
    [
      -0.05024,
      0.27917,
      -0.040178,
      -0.031078,
      -0.069599,
      -0.067222,
      -0.017929,
      0.456539,
      0.032257,
      -0.049284,
      0.107706,
      0.469675,
      0.01324,
      -0.083955,
      0.074739,
      0.023681,
      0.058705,
      0.011884,
      1.0,
      0.016715,
      -0.069099,
      -0.144069,
      0.132092,
      0.107222,
      0.135516
    ],
    [
      0.171802,
      -0.043739,
      -0.000475,
      0.050637,
      0.18216,
      -0.106449,
      -0.037456,
      0.104416,
      0.034329,
      0.063827,
      -0.111332,
      -0.053929,
      0.279839,
      0.13127,
      0.290522,
      0.145888,
      0.152257,
      0.134019,
      0.016715,
      1.0,
      -0.053504,
      0.168191,
      0.199935,
      -0.079887,
      0.051425
    ],
    [
      -0.027116,
      0.118339,
      -0.127143,
      -0.134743,
      -0.14206,
      -0.004454,
      -0.02185,
      0.071431,
      -0.145492,
      -0.081346,
      0.167287,
      0.016009,
      -0.077435,
      -0.038182,
      -0.103794,
      -0.060501,
      -0.07023,
      -0.067174,
      -0.069099,
      -0.053504,
      1.0,
      0.09565,
      -0.043627,
      0.21118,
      -0.043262
    ],
    [
      0.210688,
      -0.181673,
      -0.052555,
      -0.110304,
      0.183989,
      -0.16521,
      -0.027271,
      -0.010793,
      -0.113772,
      0.026755,
      -0.167182,
      -0.085983,
      0.150127,
      -0.16002,
      0.065065,
      0.021323,
      0.010029,
      0.163613,
      -0.144069,
      0.168191,
      0.09565,
      1.0,
      -0.082645,
      0.009727,
      -0.008455
    ],
    [
      0.140737,
      0.043749,
      -0.070319,
      0.137489,
      0.079284,
      0.054697,
      -0.04543,
      0.218533,
      0.138006,
      0.087002,
      0.153903,
      -0.020836,
      0.378386,
      0.005197,
      0.314111,
      0.354264,
      0.243158,
      0.11361,
      0.132092,
      0.199935,
      -0.043627,
      -0.082645,
      1.0,
      0.089315,
      -0.06515
    ],
    [
      0.00514,
      0.253778,
      -0.070565,
      0.244265,
      0.181978,
      0.175743,
      -0.00913,
      0.184991,
      0.368749,
      -0.148863,
      0.274521,
      0.168546,
      -0.043673,
      -0.01668,
      0.028799,
      0.114848,
      0.242055,
      0.012167,
      0.107222,
      -0.079887,
      0.21118,
      0.009727,
      0.089315,
      1.0,
      -0.0894
    ],
    [
      -0.200672,
      0.042536,
      0.27226,
      -0.08355,
      -0.17684,
      -0.31363,
      0.173811,
      0.110506,
      -0.050965,
      -0.20129,
      -0.111169,
      0.217772,
      0.121463,
      0.101743,
      0.188086,
      -0.089595,
      -0.071099,
      -0.24868,
      0.135516,
      0.051425,
      -0.043262,
      -0.008455,
      -0.06515,
      -0.0894,
      1.0
    ]
  ],
  "inference_categories": [
    {
      "key": "skip",
      "phrase": "prefer to skip",
      "label": "Prefer to skip",
      "mult": -1.5
    },
    {
      "key": "not_into",
      "phrase": "aren\u2019t into",
      "label": "Aren\u2019t into",
      "mult": -1.0
    },
    {
      "key": "indifferent",
      "phrase": "are indifferent to",
      "label": "Indifferent",
      "mult": 0.0
    },
    {
      "key": "like",
      "phrase": "like",
      "label": "Like",
      "mult": 1.0
    },
    {
      "key": "love",
      "phrase": "love",
      "label": "Love",
      "mult": 1.5
    }
  ],
  "num_training_trials": 5,
  "instructions": {
    "training": "<h1>Practice</h1><p>Before the main task, you\u2019ll do a few short <strong>practice trials</strong> to learn the preference dimensions used in this study.</p><p>Each practice trial shows one dimension and asks which option is more aligned with it. After you click, we\u2019ll tell you whether you were right.</p>",
    "feedback": "<h1>Main Task</h1><p>You will be shown pairs of options. For each pair, <strong>click the one you prefer</strong>.</p>"
  },
  "comparison": {
    "lambda_standard": 10.0,
    "lambda_partial": 1.0,
    "slider_prior_weight": 1.0,
    "n_dimensions_shown": 10,
    "show_for_conditions": [
      "choice_only",
      "choice_readonly_sliders",
      "choice_adjustable_sliders",
      "choice_checkboxes",
      "inference_affirm",
      "inference_categories"
    ],
    "eval_format": "inference_list",
    "n_per_side": 5,
    "most_valued_label": "Most valued",
    "least_valued_label": "Least valued"
  },
  "categorization": "perdim"
}