{
  "domain": "wines",
  "choice_context": "Which wine would you rather drink tonight?",
  "num_trials_per_participant": 30,
  "top_k_sliders": 5,
  "conditions": {
    "choice_only": {
      "label": "Choice Only",
      "description": "Binary choice, no dimension information shown.",
      "show_sliders": false,
      "sliders_adjustable": false,
      "show_checkboxes": false
    },
    "choice_readonly_sliders": {
      "label": "Choice + Read-Only Sliders",
      "description": "Binary choice with top-5 dimension scores shown (not adjustable).",
      "show_sliders": true,
      "sliders_adjustable": false,
      "show_checkboxes": false
    },
    "choice_adjustable_sliders": {
      "label": "Choice + Adjustable Sliders",
      "description": "Binary choice with top-5 adjustable dimension sliders that co-move.",
      "show_sliders": true,
      "sliders_adjustable": true,
      "show_checkboxes": false
    },
    "choice_checkboxes": {
      "label": "Choice + Relevance Checkboxes",
      "description": "Binary choice with top-5 dimensions shown as checkboxes.",
      "show_sliders": false,
      "sliders_adjustable": false,
      "show_checkboxes": true,
      "show_inferences": false
    },
    "choice_inferences": {
      "label": "Choice + Preference Inferences",
      "description": "Binary choice with natural-language inferences. Affirm, modify, or remove each.",
      "show_sliders": false,
      "sliders_adjustable": false,
      "show_checkboxes": false,
      "show_inferences": true
    }
  },
  "default_condition": "choice_inferences",
  "slider_range": [
    -100,
    100
  ],
  "dimensions": [
    {
      "id": "dim_1",
      "dimension_id": 1,
      "name": "Fruit Intensity",
      "low_label": "Low fruit",
      "high_label": "High fruit",
      "scoring_guidance": "Rate based on the prominence and ripeness of fruit character in aroma and flavor."
    },
    {
      "id": "dim_2",
      "dimension_id": 2,
      "name": "Body and Structure",
      "low_label": "Light-bodied",
      "high_label": "Full-bodied",
      "scoring_guidance": "Rate based on perceived weight, intensity, and tannin/alcohol presence on the palate."
    },
    {
      "id": "dim_3",
      "dimension_id": 3,
      "name": "Acidity",
      "low_label": "Low acidity",
      "high_label": "High acidity",
      "scoring_guidance": "Rate based on the perceptible sharpness, freshness, and mouthwatering quality."
    },
    {
      "id": "dim_4",
      "dimension_id": 4,
      "name": "Oak Influence",
      "low_label": "Unoaked",
      "high_label": "Oaked",
      "scoring_guidance": "Rate based on the presence and intensity of oak-derived flavors and textures."
    },
    {
      "id": "dim_5",
      "dimension_id": 5,
      "name": "Sweetness",
      "low_label": "Dry",
      "high_label": "Sweet",
      "scoring_guidance": "Rate based on the perceptible sweetness on the palate and finish."
    },
    {
      "id": "dim_6",
      "dimension_id": 6,
      "name": "Aromatic Complexity",
      "low_label": "Simple nose",
      "high_label": "Complex nose",
      "scoring_guidance": "Rate based on the number and evolution of detectable aromas."
    },
    {
      "id": "dim_7",
      "dimension_id": 7,
      "name": "Earthy/Savory Character",
      "low_label": "Fruity focus",
      "high_label": "Earthy/savory",
      "scoring_guidance": "Rate based on the presence and intensity of earthy or savory notes."
    },
    {
      "id": "dim_8",
      "dimension_id": 8,
      "name": "Aging Potential",
      "low_label": "Drink now",
      "high_label": "Aging potential",
      "scoring_guidance": "Rate based on the wine's structural components that support aging."
    },
    {
      "id": "dim_9",
      "dimension_id": 9,
      "name": "Traditional Style",
      "low_label": "Modern style",
      "high_label": "Traditional style",
      "scoring_guidance": "Rate based on the wine's adherence to traditional winemaking and terroir expression."
    },
    {
      "id": "dim_10",
      "dimension_id": 10,
      "name": "Value for Money",
      "low_label": "Premium price",
      "high_label": "Good value",
      "scoring_guidance": "Rate based on the perceived quality-to-price ratio."
    },
    {
      "id": "dim_11",
      "dimension_id": 11,
      "name": "Effervescence",
      "low_label": "Still wine",
      "high_label": "Sparkling",
      "scoring_guidance": "Rate based on the presence and quality of bubbles."
    },
    {
      "id": "dim_12",
      "dimension_id": 12,
      "name": "Playfulness",
      "low_label": "Serious style",
      "high_label": "Playful style",
      "scoring_guidance": "Rate based on the wine's branding, label, or unconventional presentation."
    },
    {
      "id": "dim_13",
      "dimension_id": 13,
      "name": "Tropical Aroma Intensity",
      "low_label": "Non-tropical",
      "high_label": "Tropical",
      "scoring_guidance": "Rate based on the presence and intensity of tropical fruit aromas."
    },
    {
      "id": "dim_14",
      "dimension_id": 14,
      "name": "Sessionability",
      "low_label": "High alcohol",
      "high_label": "Low alcohol",
      "scoring_guidance": "Rate based on the wine's alcohol content and perceived drinkability in quantity."
    },
    {
      "id": "dim_15",
      "dimension_id": 15,
      "name": "Floral Aroma Intensity",
      "low_label": "Non-floral",
      "high_label": "Floral",
      "scoring_guidance": "Rate based on the presence and intensity of floral aromas."
    }
  ],
  "gram_matrix": [
    [
      1.0,
      0.404009,
      -0.192532,
      0.127635,
      0.276995,
      0.088702,
      -0.287151,
      0.083752,
      -0.22076,
      0.234464,
      -0.134418,
      0.299143,
      0.167086,
      -0.270105,
      -0.024686
    ],
    [
      0.404009,
      1.0,
      -0.345487,
      0.32957,
      0.06825,
      0.2747,
      0.09077,
      0.591194,
      0.262781,
      -0.149586,
      -0.182966,
      -0.187946,
      -0.248514,
      -0.785386,
      -0.213817
    ],
    [
      -0.192532,
      -0.345487,
      1.0,
      -0.319612,
      -0.217192,
      0.089042,
      -0.168746,
      -0.006177,
      -0.040114,
      0.376106,
      0.171085,
      -0.000616,
      0.10823,
      0.564094,
      0.140067
    ],
    [
      0.127635,
      0.32957,
      -0.319612,
      1.0,
      -0.110103,
      0.108262,
      0.102516,
      0.310813,
      -0.084516,
      -0.061616,
      -0.138861,
      -0.024826,
      -0.173259,
      -0.378686,
      -0.192002
    ],
    [
      0.276995,
      0.06825,
      -0.217192,
      -0.110103,
      1.0,
      -0.120516,
      -0.362528,
      -0.265335,
      -0.083722,
      -0.087162,
      -0.077009,
      0.207526,
      0.240595,
      -0.143836,
      0.057331
    ],
    [
      0.088702,
      0.2747,
      0.089042,
      0.108262,
      -0.120516,
      1.0,
      0.356816,
      0.613361,
      0.367613,
      -0.009133,
      0.112145,
      -0.127483,
      0.048358,
      -0.211041,
      0.221098
    ],
    [
      -0.287151,
      0.09077,
      -0.168746,
      0.102516,
      -0.362528,
      0.356816,
      1.0,
      0.299753,
      0.373918,
      -0.182484,
      -0.11945,
      -0.23767,
      -0.265204,
      -0.214407,
      -0.131652
    ],
    [
      0.083752,
      0.591194,
      -0.006177,
      0.310813,
      -0.265335,
      0.613361,
      0.299753,
      1.0,
      0.407548,
      -0.178557,
      -0.020602,
      -0.272599,
      -0.288243,
      -0.493981,
      -0.176482
    ],
    [
      -0.22076,
      0.262781,
      -0.040114,
      -0.084516,
      -0.083722,
      0.367613,
      0.373918,
      0.407548,
      1.0,
      -0.194455,
      -0.070387,
      -0.396867,
      -0.267945,
      -0.27235,
      -0.040673
    ],
    [
      0.234464,
      -0.149586,
      0.376106,
      -0.061616,
      -0.087162,
      -0.009133,
      -0.182484,
      -0.178557,
      -0.194455,
      1.0,
      -0.049385,
      0.111948,
      0.213673,
      0.366385,
      0.092412
    ],
    [
      -0.134418,
      -0.182966,
      0.171085,
      -0.138861,
      -0.077009,
      0.112145,
      -0.11945,
      -0.020602,
      -0.070387,
      -0.049385,
      1.0,
      -0.070691,
      -0.063429,
      0.233459,
      0.073111
    ],
    [
      0.299143,
      -0.187946,
      -0.000616,
      -0.024826,
      0.207526,
      -0.127483,
      -0.23767,
      -0.272599,
      -0.396867,
      0.111948,
      -0.070691,
      1.0,
      0.13992,
      0.153178,
      -0.030783
    ],
    [
      0.167086,
      -0.248514,
      0.10823,
      -0.173259,
      0.240595,
      0.048358,
      -0.265204,
      -0.288243,
      -0.267945,
      0.213673,
      -0.063429,
      0.13992,
      1.0,
      0.298347,
      0.491691
    ],
    [
      -0.270105,
      -0.785386,
      0.564094,
      -0.378686,
      -0.143836,
      -0.211041,
      -0.214407,
      -0.493981,
      -0.27235,
      0.366385,
      0.233459,
      0.153178,
      0.298347,
      1.0,
      0.272424
    ],
    [
      -0.024686,
      -0.213817,
      0.140067,
      -0.192002,
      0.057331,
      0.221098,
      -0.131652,
      -0.176482,
      -0.040673,
      0.092412,
      0.073111,
      -0.030783,
      0.491691,
      0.272424,
      1.0
    ]
  ]
}