{
  "domain": "everyday moral dilemmas",
  "choice_context": "Which action is more ethical / understandable?",
  "num_trials_per_participant": 20,
  "top_k_sliders": 5,
  "conditions": {
    "choice_only": {
      "label": "Choice Only",
      "description": "Binary choice, no dimension information shown.",
      "show_sliders": false,
      "sliders_adjustable": false,
      "show_checkboxes": false
    },
    "choice_readonly_sliders": {
      "label": "Choice + Read-Only Sliders",
      "description": "Binary choice with top-5 dimension scores shown (not adjustable).",
      "show_sliders": true,
      "sliders_adjustable": false,
      "show_checkboxes": false
    },
    "choice_adjustable_sliders": {
      "label": "Choice + Adjustable Sliders",
      "description": "Binary choice with top-5 adjustable dimension sliders that co-move.",
      "show_sliders": true,
      "sliders_adjustable": true,
      "show_checkboxes": false
    },
    "choice_checkboxes": {
      "label": "Choice + Relevance Checkboxes",
      "description": "Binary choice with top-5 dimensions shown as checkboxes.",
      "show_sliders": false,
      "sliders_adjustable": false,
      "show_checkboxes": true,
      "show_inferences": false
    },
    "inference_affirm": {
      "label": "Inferences: Affirm / Remove",
      "description": "Affirm or remove model inferences about your preferences.",
      "show_sliders": false,
      "sliders_adjustable": false,
      "show_checkboxes": false,
      "show_inferences": "affirm"
    },
    "inference_categories": {
      "label": "Inferences: Category Selection",
      "description": "Adjust the category for each inference about your preferences.",
      "show_sliders": false,
      "sliders_adjustable": false,
      "show_checkboxes": false,
      "show_inferences": "categories"
    }
  },
  "default_condition": "inference_categories",
  "slider_range": [
    -100,
    100
  ],
  "dimensions": [
    {
      "id": "dim_1",
      "dimension_id": 1,
      "name": "Moral Integrity",
      "low_label": "Low Integrity",
      "high_label": "High Integrity",
      "scoring_guidance": "Rate based on how strongly the action reflects ethical consistency and moral responsibility."
    },
    {
      "id": "dim_2",
      "dimension_id": 2,
      "name": "Conflict Avoidance",
      "low_label": "Conflict-Seeking",
      "high_label": "Conflict-Avoiding",
      "scoring_guidance": "Rate based on how much the action avoids or provokes interpersonal conflict."
    },
    {
      "id": "dim_3",
      "dimension_id": 3,
      "name": "Emotional Well-Being",
      "low_label": "Emotionally Detached",
      "high_label": "Emotionally Sensitive",
      "scoring_guidance": "Rate based on how much the action prioritizes emotional comfort and safety."
    },
    {
      "id": "dim_4",
      "dimension_id": 4,
      "name": "Risk Aversion",
      "low_label": "Risk-Taking",
      "high_label": "Risk-Averse",
      "scoring_guidance": "Rate based on how much the action minimizes or embraces uncertainty and potential loss."
    },
    {
      "id": "dim_5",
      "dimension_id": 5,
      "name": "Autonomy",
      "low_label": "Dependent",
      "high_label": "Autonomous",
      "scoring_guidance": "Rate based on how much the action reflects independent decision-making."
    },
    {
      "id": "dim_6",
      "dimension_id": 6,
      "name": "Social Harmony",
      "low_label": "Individualistic",
      "high_label": "Collectivist",
      "scoring_guidance": "Rate based on how much the action supports or undermines social cohesion."
    },
    {
      "id": "dim_7",
      "dimension_id": 7,
      "name": "Long-Term Orientation",
      "low_label": "Short-Term",
      "high_label": "Long-Term",
      "scoring_guidance": "Rate based on how much the action considers future consequences."
    },
    {
      "id": "dim_8",
      "dimension_id": 8,
      "name": "Formality Avoidance",
      "low_label": "Formal",
      "high_label": "Informal",
      "scoring_guidance": "Rate based on how much the action avoids or embraces formal procedures."
    },
    {
      "id": "dim_9",
      "dimension_id": 9,
      "name": "Emotional Authenticity",
      "low_label": "Emotionally Guarded",
      "high_label": "Emotionally Open",
      "scoring_guidance": "Rate based on how much the action expresses or suppresses genuine emotion."
    },
    {
      "id": "dim_10",
      "dimension_id": 10,
      "name": "Tradition Adherence",
      "low_label": "Innovative",
      "high_label": "Traditional",
      "scoring_guidance": "Rate based on how much the action aligns with or deviates from tradition."
    },
    {
      "id": "dim_11",
      "dimension_id": 11,
      "name": "Efficiency",
      "low_label": "Inefficient",
      "high_label": "Efficient",
      "scoring_guidance": "Rate based on how much the action emphasizes speed and practicality."
    },
    {
      "id": "dim_12",
      "dimension_id": 12,
      "name": "Privacy",
      "low_label": "Public",
      "high_label": "Private",
      "scoring_guidance": "Rate based on how much the action preserves or exposes personal information."
    },
    {
      "id": "dim_13",
      "dimension_id": 13,
      "name": "Financial Prudence",
      "low_label": "Spontaneous Spending",
      "high_label": "Financially Prudent",
      "scoring_guidance": "Rate based on how much the action prioritizes financial responsibility."
    },
    {
      "id": "dim_14",
      "dimension_id": 14,
      "name": "Decisiveness",
      "low_label": "Hesitant",
      "high_label": "Decisive",
      "scoring_guidance": "Rate based on how quickly and confidently the action is taken."
    },
    {
      "id": "dim_15",
      "dimension_id": 15,
      "name": "Creativity",
      "low_label": "Conventional",
      "high_label": "Creative",
      "scoring_guidance": "Rate based on how much the action reflects originality and self-expression."
    },
    {
      "id": "dim_16",
      "dimension_id": 16,
      "name": "Structure Preference",
      "low_label": "Flexible",
      "high_label": "Structured",
      "scoring_guidance": "Rate based on how much the action follows or deviates from a structured approach."
    },
    {
      "id": "dim_17",
      "dimension_id": 17,
      "name": "Empathy",
      "low_label": "Detached",
      "high_label": "Empathetic",
      "scoring_guidance": "Rate based on how much the action considers the emotional well-being of others."
    },
    {
      "id": "dim_18",
      "dimension_id": 18,
      "name": "Duty Orientation",
      "low_label": "Self-Focused",
      "high_label": "Duty-Oriented",
      "scoring_guidance": "Rate based on how much the action reflects a sense of duty or obligation."
    },
    {
      "id": "dim_19",
      "dimension_id": 19,
      "name": "Stability",
      "low_label": "Unstable",
      "high_label": "Stable",
      "scoring_guidance": "Rate based on how much the action promotes or disrupts stability."
    },
    {
      "id": "dim_20",
      "dimension_id": 20,
      "name": "Experience Orientation",
      "low_label": "Avoidant",
      "high_label": "Experiential",
      "scoring_guidance": "Rate based on how much the action embraces or avoids personal challenge and growth."
    }
  ],
  "gram_matrix": [
    [
      1.0,
      0.016545,
      0.416648,
      0.266099,
      0.447262,
      0.612499,
      0.571313,
      -0.313903,
      0.595303,
      0.293599,
      0.463539,
      0.256239,
      0.377805,
      0.413832,
      0.211598,
      0.339908,
      0.70591,
      0.732178,
      0.381202,
      0.256323
    ],
    [
      0.016545,
      1.0,
      0.284133,
      0.455292,
      -0.138998,
      0.227318,
      0.107705,
      -0.010659,
      -0.096573,
      0.104724,
      0.092551,
      0.240929,
      0.040351,
      -0.163226,
      -0.065227,
      -0.004483,
      0.112396,
      -0.001046,
      0.266606,
      -0.296587
    ],
    [
      0.416648,
      0.284133,
      1.0,
      0.50632,
      0.306207,
      0.403031,
      0.52095,
      -0.096645,
      0.37524,
      0.148996,
      0.3159,
      0.363398,
      0.149095,
      0.158618,
      0.113265,
      0.211516,
      0.517324,
      0.429786,
      0.517969,
      0.243023
    ],
    [
      0.266099,
      0.455292,
      0.50632,
      1.0,
      0.035339,
      0.392648,
      0.428224,
      -0.14675,
      -0.016606,
      0.25879,
      0.284588,
      0.321355,
      0.231358,
      0.042216,
      -0.021219,
      0.228758,
      0.256489,
      0.310704,
      0.58363,
      -0.183917
    ],
    [
      0.447262,
      -0.138998,
      0.306207,
      0.035339,
      1.0,
      0.068975,
      0.401789,
      0.016643,
      0.495745,
      0.056613,
      0.234462,
      0.040899,
      0.135129,
      0.557899,
      0.486584,
      0.241672,
      0.167823,
      0.358129,
      0.080367,
      0.431363
    ],
    [
      0.612499,
      0.227318,
      0.403031,
      0.392648,
      0.068975,
      1.0,
      0.533946,
      -0.353756,
      0.367338,
      0.462568,
      0.49119,
      0.233307,
      0.295234,
      0.20989,
      0.167672,
      0.333219,
      0.7532,
      0.51897,
      0.561761,
      0.061048
    ],
    [
      0.571313,
      0.107705,
      0.52095,
      0.428224,
      0.401789,
      0.533946,
      1.0,
      -0.329364,
      0.318312,
      0.344614,
      0.541971,
      0.162646,
      0.415344,
      0.360425,
      0.338741,
      0.557608,
      0.500535,
      0.583151,
      0.507693,
      0.234861
    ],
    [
      -0.313903,
      -0.010659,
      -0.096645,
      -0.14675,
      0.016643,
      -0.353756,
      -0.329364,
      1.0,
      0.057605,
      -0.406824,
      -0.043843,
      0.008,
      -0.072474,
      -0.179861,
      -0.015003,
      -0.523336,
      -0.296352,
      -0.233317,
      -0.158784,
      -0.016781
    ],
    [
      0.595303,
      -0.096573,
      0.37524,
      -0.016606,
      0.495745,
      0.367338,
      0.318312,
      0.057605,
      1.0,
      0.141155,
      0.228672,
      0.157419,
      0.014622,
      0.356351,
      0.370158,
      0.083397,
      0.563545,
      0.400237,
      0.18272,
      0.348506
    ],
    [
      0.293599,
      0.104724,
      0.148996,
      0.25879,
      0.056613,
      0.462568,
      0.344614,
      -0.406824,
      0.141155,
      1.0,
      0.180405,
      0.248037,
      0.224424,
      0.13798,
      0.211955,
      0.399464,
      0.291425,
      0.257829,
      0.299096,
      -0.023309
    ],
    [
      0.463539,
      0.092551,
      0.3159,
      0.284588,
      0.234462,
      0.49119,
      0.541971,
      -0.043843,
      0.228672,
      0.180405,
      1.0,
      0.158361,
      0.588656,
      0.229569,
      0.233515,
      0.38233,
      0.37161,
      0.295625,
      0.667336,
      0.102572
    ],
    [
      0.256239,
      0.240929,
      0.363398,
      0.321355,
      0.040899,
      0.233307,
      0.162646,
      0.008,
      0.157419,
      0.248037,
      0.158361,
      1.0,
      0.145981,
      -0.191376,
      0.009618,
      0.045499,
      0.376088,
      0.100259,
      0.40041,
      -0.074255
    ],
    [
      0.377805,
      0.040351,
      0.149095,
      0.231358,
      0.135129,
      0.295234,
      0.415344,
      -0.072474,
      0.014622,
      0.224424,
      0.588656,
      0.145981,
      1.0,
      0.234126,
      0.084356,
      0.282252,
      0.217581,
      0.266779,
      0.339936,
      0.044755
    ],
    [
      0.413832,
      -0.163226,
      0.158618,
      0.042216,
      0.557899,
      0.20989,
      0.360425,
      -0.179861,
      0.356351,
      0.13798,
      0.229569,
      -0.191376,
      0.234126,
      1.0,
      0.300593,
      0.372364,
      0.188483,
      0.465098,
      0.063953,
      0.259684
    ],
    [
      0.211598,
      -0.065227,
      0.113265,
      -0.021219,
      0.486584,
      0.167672,
      0.338741,
      -0.015003,
      0.370158,
      0.211955,
      0.233515,
      0.009618,
      0.084356,
      0.300593,
      1.0,
      0.145804,
      0.04801,
      0.107571,
      0.14305,
      0.229329
    ],
    [
      0.339908,
      -0.004483,
      0.211516,
      0.228758,
      0.241672,
      0.333219,
      0.557608,
      -0.523336,
      0.083397,
      0.399464,
      0.38233,
      0.045499,
      0.282252,
      0.372364,
      0.145804,
      1.0,
      0.326428,
      0.385866,
      0.294397,
      0.101828
    ],
    [
      0.70591,
      0.112396,
      0.517324,
      0.256489,
      0.167823,
      0.7532,
      0.500535,
      -0.296352,
      0.563545,
      0.291425,
      0.37161,
      0.376088,
      0.217581,
      0.188483,
      0.04801,
      0.326428,
      1.0,
      0.614153,
      0.421384,
      0.1887
    ],
    [
      0.732178,
      -0.001046,
      0.429786,
      0.310704,
      0.358129,
      0.51897,
      0.583151,
      -0.233317,
      0.400237,
      0.257829,
      0.295625,
      0.100259,
      0.266779,
      0.465098,
      0.107571,
      0.385866,
      0.614153,
      1.0,
      0.260058,
      0.290373
    ],
    [
      0.381202,
      0.266606,
      0.517969,
      0.58363,
      0.080367,
      0.561761,
      0.507693,
      -0.158784,
      0.18272,
      0.299096,
      0.667336,
      0.40041,
      0.339936,
      0.063953,
      0.14305,
      0.294397,
      0.421384,
      0.260058,
      1.0,
      -0.000875
    ],
    [
      0.256323,
      -0.296587,
      0.243023,
      -0.183917,
      0.431363,
      0.061048,
      0.234861,
      -0.016781,
      0.348506,
      -0.023309,
      0.102572,
      -0.074255,
      0.044755,
      0.259684,
      0.229329,
      0.101828,
      0.1887,
      0.290373,
      -0.000875,
      1.0
    ]
  ],
  "inference_categories": [
    {
      "key": "discount",
      "phrase": "discount",
      "label": "Discount",
      "mult": -1.5
    },
    {
      "key": "look_past",
      "phrase": "look past",
      "label": "Look past",
      "mult": -1.0
    },
    {
      "key": "neutral",
      "phrase": "are neutral about",
      "label": "Neutral",
      "mult": 0.0
    },
    {
      "key": "value",
      "phrase": "value",
      "label": "Value",
      "mult": 1.0
    },
    {
      "key": "deeply_care",
      "phrase": "deeply care about",
      "label": "Deeply care about",
      "mult": 1.5
    }
  ],
  "num_training_trials": 5,
  "instructions": {
    "training": "<h1>Practice</h1><p>Before the main task, you’ll do a few short <strong>practice trials</strong> to learn the preference dimensions used in this study.</p><p>Each practice trial shows one dimension and asks which option is more aligned with it. After you click, we’ll tell you whether you were right.</p>",
    "feedback": "<h1>Main Task</h1><p>You will be shown pairs of options. For each pair, <strong>click the one you prefer</strong>.</p>"
  },
  "comparison": {
    "lambda_standard": 0.933,
    "lambda_partial": 0.0933,
    "slider_prior_weight": 1.0,
    "n_dimensions_shown": 10,
    "show_for_conditions": [
      "choice_readonly_sliders",
      "choice_adjustable_sliders",
      "choice_checkboxes",
      "inference_affirm",
      "inference_categories"
    ],
    "_diag_mean": 0.0933,
    "eval_format": "top_bottom_bars",
    "n_per_side": 5,
    "most_valued_label": "Most valued",
    "least_valued_label": "Least valued"
  },
  "categorization": "perdim"
}